80.33333333333333
58.666666666666664
47.0
52.333333333333336
51.666666666666664
64.0
72.0
43.0
46.333333333333336
53.333333333333336
62.0
54.333333333333336
51.666666666666664
57.0
90.0
75.33333333333333
62.0
63.0
68.0
61.666666666666664
32.333333333333336
46.0
54.0
60.0
71.66666666666667
62.333333333333336
76.33333333333333
52.0
79.33333333333333
63.666666666666664
56.333333333333336
53.0
73.66666666666667
49.0
71.0
46.666666666666664
50.333333333333336
84.66666666666667
60.0
67.33333333333333
64.66666666666667
54.0
40.666666666666664
74.0
54.666666666666664
75.66666666666667
56.0
88.33333333333333
49.333333333333336
59.666666666666664
68.66666666666667
54.0
69.66666666666667
60.0
62.333333333333336
51.666666666666664
61.333333333333336
61.0
42.666666666666664
60.666666666666664
67.66666666666667
76.0
69.0
49.333333333333336
62.333333333333336
84.66666666666667
62.333333333333336
58.333333333333336
82.66666666666667
56.0
69.0
52.0
57.333333333333336
54.333333333333336
78.0
74.0
80.33333333333333
69.33333333333333
77.33333333333333
60.666666666666664
54.333333333333336
63.333333333333336
90.33333333333333
71.66666666666667
37.333333333333336
44.0
89.0
74.33333333333333
70.33333333333333
54.333333333333336
66.0
53.333333333333336
53.666666666666664
66.33333333333333
68.66666666666667
43.333333333333336
75.0
44.666666666666664
89.66666666666667
50.0
53.666666666666664
53.0
44.666666666666664
71.0
38.333333333333336
47.333333333333336
66.33333333333333
70.66666666666667
60.666666666666664
78.66666666666667
87.33333333333333
63.333333333333336
88.0
82.66666666666667
43.333333333333336
36.333333333333336
64.33333333333333
41.333333333333336
64.66666666666667
71.66666666666667
46.0
40.666666666666664
66.66666666666667
43.666666666666664
56.666666666666664
57.333333333333336
93.66666666666667
60.0
61.333333333333336
32.666666666666664
70.66666666666667
54.333333333333336
53.333333333333336
64.66666666666667
59.333333333333336
45.666666666666664
77.0
72.0
57.0
41.666666666666664
70.0
92.0
37.666666666666664
85.33333333333333
65.33333333333333
48.0
62.333333333333336
72.66666666666667
78.66666666666667
72.0
73.0
63.0
65.33333333333333
47.666666666666664
58.333333333333336
53.333333333333336
66.33333333333333
45.333333333333336
79.33333333333333
49.0
51.0
63.666666666666664
78.66666666666667
62.666666666666664
45.333333333333336
44.333333333333336
52.0
69.66666666666667
61.666666666666664
46.666666666666664
44.666666666666664
59.0
57.666666666666664
71.33333333333333
79.66666666666667
84.33333333333333
61.46590909090909 61.33522727272727 62.50568181818182 